-61.73072548573251	11.171895946356338
-61.73072275113205	10.90789253066649
>
-61.73072275113205	10.90789253066649
-61.73272273833338	10.900892420721222
>
-61.73272273833338	10.900892420721222
-61.764722732024005	10.807890910169828
>
-61.764722732024005	10.807890910169828
-61.77272279527824	10.790890613462288
>
-61.77272279527824	10.790890613462288
-61.804722927506795	10.710889278018813
>
-61.804722927506795	10.710889278018813
-61.80472165386475	10.585887702359726
>
-61.80472165386475	10.585887702359726
-61.86372340936975	10.585887115822876
>
-61.86372340936975	10.585887115822876
-62.084724560923675	10.042878271993793
>
-62.084724560923675	10.042878271993793
-61.97572092785005	10.004878872521537
>
-60.892686719921926	9.8458876466005
-60.665679656907784	9.828889726909738
>
-61.85671715774175	9.983879778360109
-61.63271043975941	9.983881972604294
>
-61.63271043975941	9.983881972604294
-61.501706332648	9.96688305697339
>
-61.501706332648	9.96688305697339
-61.224697037923235	9.872884658087882
>
-61.224697037923235	9.872884658087882
-60.892686719921926	9.8458876466005
>
-60.892686719921926	9.8458876466005
-60.665679656907784	9.828889726909738
>
-60.665679656907784	9.828889726909738
-60.26866818535922	9.887894503943356
>
-60.26866818535922	9.887894503943356
-59.989660342869115	9.951898185547085
>
-59.989660342869115	9.951898185547085
-59.92365848470131	9.966899060438042
>
-59.92365848470131	9.966899060438042
-58.821626775032435	10.162913276512656
>
-58.821626775032435	10.162913276512656
-58.82162789095015	10.26391459850741
>
-58.82162789095015	10.26391459850741
-56.109557084504004	11.396961374321176
